200603687
200962443
200952961
201210207
201236259
201239187
201257988
201200588
200805054
201259168
201217154
201370667
201314701
201305384
201378739
201306018
201305008
201305400
201359968
201337020
201305574
201359773
201341019
201262449
201341017
201314765
201314815
201337092
201368143
201314830
201348675
201378736
201319871
201359424
201359439
201300855
201318439
201314886
201322282
201310940
201370967
201312968
201410517
201463818
201365366
201474467
201477351
201401801
201423709
201444462
201460747
201489573
201311954
201477358
201319730
201460865
201428207
201372707
201471148
201359951
201404182
201464396
201358103
201407160
201415994
201410260
201318381
201440873
201456705
201454924
201440997
201423454
201427982
201430830
201404198
201406359
201423096
201359075
201460875
201432721
201423146
201430517
201409781
201423666
201462015
201404028
201406367
201489905
201410269
201457781
201460888
201454693
201405841
201223344
201448162
201313343
201404223
201346455
201427747
201470458
201337430
201451343
201423424
201461677
201318032
201438437
201430506
201489004
201440093
201489096
201449639
201419918
201432780
201305551
201456725
201451779
201357296
201450378
201406440
201489015
201443158
201404137
201441545
201404265
201138951
201404268
201435643
201406463
201489182
201455461
201405797
201489192
201432670
201451220
201406480
201414262
201455283
201457461
201420010
201336332
201319694
201431195
201451498
201406287
201430881
201349985
201447675
201455331
201500262
201508023
201502913
201507336
201512898
201512584
201508809
201505016
201500427
201418326
201505445
201500322
201505429
201590279
201502396
201507805
201513539
201501629
201422070
201505035
201508181
201507422
201508066
201507424
201513473
201430827
201501663
201507397
201508084
201508086
201505576
201504685
201508092
201501987
201428334
201505408
201451337
201502245
201512875
201512876
201501108
201501835
201513967
201507888
201509100
201370835
201402751
201513654
201513927
201505489
201502766
201502525
201508567
201506112
201509240
201512883
201500015
201507541
201509022
201507927
201509659
201502295
201513937
201500071
201508166
201505804
201502713
201502255
201506039
201502998
200961242
201505809
201505345
201506292
201507059
201504688
201404273
201505894
201501214
201505023
201513872
201513422
201502670
201507839
201505816
201314875
201504370
201503835
201509516
201508310
201504318
201501554
201509376
201508007
201502883
201509385
201503172
201502592
201501218
201509192
201505815
201512642
201423703
201507466
201503088
201508860
201513743
201500636
201689873
201508037
201600425
201502929
201689934
201513127
201508058
201589493
201565395
201600012
200748313
201481817
201601032
201512775
201505400
201513824
201600207
201507631
201504577
201600837
201505963
201601120
201600866
201323861
201314790
201503322
201689859
201689114
201507360
201601510
201601391
201689265
201501938
201404112
201453499
201507558
201513326
201600438
201600839
201514555
201503342
201690520
201514681
201600630
201689074
201513882
201504452
201689045
201689595
201689772
201513660
201502673
201601093
201600374
201430635
201701482
201700904
201701006
201700753
201700218
201701522
201789592
201600009
201700611
201789201
201700816
201789011
201701544
201700181
201701225
201646039
201789334
200920717
201700027
201700643
201701275
201700157
201700180
201601450
201700496
201700529
201701351
201700897
201700564
201700275
201701042
